InD: MNIST

OOD:  FashionMNIST
[(0.97, 0.0), (0.9752, 0.0), (0.9752, 0.0), (0.9339676150000001, 0.0)]
OOD:  Cifar_10
[(0.97, 0.0), (0.9752, 0.0), (0.9752, 0.0), (0.9245713, 0.009396315000000155)]
OOD:  SVHN
[(0.9700000000000001, 1.1102230246251565e-16), (0.9752, 0.0), (0.9752, 0.0), (0.9196275214249129, 0.01037990286973494)]
OOD:  Imagenet_r
[(0.97, 0.0), (0.9752, 0.0), (0.9752, 0.0), (0.9151575998186847, 0.01186370031593544)]
OOD:  Imagenet_c
[(0.97, 0.0), (0.9751999999999998, 1.1102230246251565e-16), (0.9751999999999998, 1.1102230246251565e-16), (0.9124756468549478, 0.011889886246211557)]


InD: FashionMNIST

OOD:  MNIST
[(0.8216, 0.0), (0.8183, 0.0), (0.8183, 0.0), (0.78748324, 0.0)]
OOD:  Cifar_10
[(0.8216, 0.0), (0.8183, 0.0), (0.8183, 0.0), (0.8113257475, 0.0238425075)]
OOD:  SVHN
[(0.8216, 0.0), (0.8183000000000001, 1.1102230246251565e-16), (0.8183000000000001, 1.1102230246251565e-16), (0.8153914709823806, 0.020298694312575874)]
OOD:  Imagenet_r
[(0.8216, 0.0), (0.8183, 0.0), (0.8183, 0.0), (0.8200547957367855, 0.01934599535799814)]
OOD:  Imagenet_c
[(0.8215999999999999, 1.1102230246251565e-16), (0.8183, 0.0), (0.8183, 0.0), (0.8228527905894284, 0.018185959691339182)]